183
19
53
24
96
31
98
91
16
39
16
3
8
83
39
48
50
33
6
88
19
14
39
92
50
59
19
68
75
16
27
10
52
14
1
20
1
86
63
19
8
73
7
67
66
60
40
46
5
83
61
56
33
27
96
76
72
42
6
45
10
45
82
79
81
80
57
11
42
9
68
35
34
8
6
29
29
28
76
40
78
34
31
87
54
50
90
20
4
34
1
25
46
4
70
31
8
42
2
26
22
61
62
98
34
94
12
91
83
40
9
19
21
27
92
70
52
10
69
46
15
51
81
45
84
51
21
22
32
7
22
74
85
87
13
22
83
95
39
46
17
99
61
38
81
46
42
14
85
87
34
6
3
58
47
95
14
35
63
57
87
17
25
56
85
89
62
52
60
89
16
27
78
66
60
18
50
40
85
17
32
56
62
10
